1	'Nentor' -526.501 62.459 1537.04
2	'Icedevil' -203.53 80.3441 1522.58
3	'Mistriven' -88.9503 106.198 1235.76
4	'Thunderhorns' 357.902 186.717 1678.69
5	'Pinnacle Enclave' 238.179 167.113 889.878
6	'Durmand Priory' -516.128 207.836 610.056
7	'Refuge Peak' -216.583 115.526 490.33
8	'Lamentation' 546.304 202.381 391.038
9	'Afgar' -39.2191 128.46 183.069
10	'Stonescatter' -524.612 62.0071 -187.954
11	'Cascade Bridge' -144.968 78.265 -486.438
12	'False River' 201.307 102.06 -293.751
13	'Witherthaw' 519.54 140.55 -659.515
14	'False Lake' -407.387 42.8091 -825.046
15	'Guutra Homestead' -91.3125 75.7069 -1127.42
16	'Vanjir Stead' 388.322 107.64 -1448.36
17	'Demon Maw' -494.551 51.375 -1465.24
